15 15 15 15 15 15 15 15 15 15 15 15 15 15 15 15 15 15 15 15 15 15 15 15 15 15 15 15 15 15 15 15 15 15 15 15 15 15 15 15 15 15 15 15 15 15 15 15 15 15 15 15 15 15 15 15 15 15 15 15 15 15 15 15 15 15 15 15 15 15 15 15 15 15 15 15 15 15 15 15 15 15 15 15 15 15 15 15 15 15 15 15 15 15 15 15 15 15 15 15
15 15 15 15 15 15 15 15 15 15 15 15 15 15 15 15 15 15 15 15 15 15 15 15 15 15 15 15 15 15 15 15 15 15 15 15 15 15 15 15 15 15 15 15 15 15 15 15 15 15 15 15 15 15 15 15 15 15 15 15 15 15 15 15 15 15 15 15 15 15 15 15 15 15 15 15 15 15 15 15 15 15 15 15 15 15 15 15 15 15 15 15 15 15 15 15 15 15 15 15
15 15 15 15 15 15 15 15 15 15 15 15 15 15 15 15 15 15 15 15 15 15 15 15 15 15 15 15 15 15 15 15 15 15 15 15 15 15 15 15 15 15 15 15 15 15 15 15 15 15 15 15 15 15 15 15 15 15 15 15 15 15 15 15 15 15 15 15 15 15 15 15 15 15 15 15 15 15 15 15 15 15 15 15 15 15 15 15 15 15 15 15 15 15 15 15 15 15 15 15
15 15 15 15 15 15 15 15 15 15 15 15 15 15 15 15 15 15 15 15 15 15 15 15 15 15 15 15 15 15 15 15 15 15 15 15 15 15 15 15 15 15 15 15 15 15 15 15 15 15 15 15 15 15 15 15 15 15 15 15 15 15 15 15 15 15 15 15 15 15 15 15 15 15 15 15 15 15 15 15 15 15 15 15 15 15 15 15 15 15 15 15 15 15 15 15 15 15 15 15
15 15 15 15 15 15 15 15 15 15 15 15 15 15 15 15 15 15 15 15 15 15 15 15 15 15 15 15 15 15 15 15 15 15 15 15 15 15 15 15 15 15 15 15 15 15 15 15 15 15 15 15 15 15 15 15 15 15 15 15 15 15 15 15 15 15 15 15 15 15 15 15 15 15 15 15 15 15 15 15 15 15 15 15 15 15 15 15 15 15 15 15 15 15 15 15 15 15 15 15
15 15 15 15 15 15 15 15 15 15 15 15 15 15 15 15 15 15 15 15 15 15 15 15 15 15 15 15 15 15 15 15 15 15 15 15 15 15 15 15 15 15 15 15 15 15 15 15 15 15 15 15 15 15 15 15 15 15 15 15 15 15 15 15 15 15 15 15 15 15 15 15 15 15 15 15 15 15 15 15 15 15 15 15 15 15 15 15 15 15 15 15 15 15 15 15 15 15 15 15
15 15 15 15 15 15 15 15 15 15 15 15 15 15 15 15 15 15 15 15 15 15 15 15 15 15 15 15 15 15 15 15 15 15 15 15 15 15 15 15 15 15 15 15 15 15 15 15 15 15 15 15 15 15 15 15 15 15 15 15 15 15 15 15 15 15 15 15 15 15 15 15 15 15 15 15 15 15 15 15 15 15 15 15 15 15 15 15 15 15 15 15 15 15 15 15 15 15 15 15
15 15 15 15 15 15 15 15 15 15 15 15 15 15 15 15 15 15 15 15 15 15 15 15 15 15 15 15 15 15 15 15 15 15 15 15 15 15 15 15 20 20 15 15 15 15 15 15 15 15 15 15 15 15 20 20 15 15 20 15 15 15 15 15 15 15 15 15 15 15 15 15 15 15 15 15 15 15 15 15 15 15 15 15 15 15 15 15 15 15 15 15 15 15 15 15 15 15 15 15
15 15 15 15 15 15 15 15 15 15 15 15 15 15 15 15 15 15 15 15 15 15 15 15 15 15 15 15 15 15 15 15 15 15 15 15 15 15 15 15 15 15 15 15 15 15 20 15 20 15 20 15 15 20 15 15 15 20 15 15 15 15 15 15 15 15 15 15 15 15 15 15 15 15 15 15 15 15 15 15 15 15 15 15 15 15 15 15 15 15 15 15 15 15 15 15 15 15 15 15
15 15 15 15 15 15 15 15 15 15 15 15 15 15 15 15 15 15 15 15 15 15 15 15 15 15 15 15 15 15 15 15 20 15 15 15 15 15 20 15 20 15 15 15 15 20 20 20 20 20 20 15 15 20 20 20 15 15 20 15 15 15 20 15 15 15 15 15 15 15 15 20 15 15 15 15 15 15 15 15 15 15 15 15 15 15 15 15 15 15 15 15 15 15 15 15 15 15 15 15
15 15 15 15 15 15 15 15 15 15 15 15 15 15 15 15 15 15 15 15 15 15 15 15 15 15 15 20 15 20 15 15 20 15 15 15 20 20 15 15 15 15 20 20 15 15 15 20 20 20 24 24 15 20 15 15 15 20 15 20 15 15 15 15 20 15 20 20 15 15 15 15 15 20 15 15 15 15 15 15 15 15 15 15 15 15 15 15 15 15 15 15 15 15 15 15 15 15 15 15
15 15 15 15 15 15 15 15 15 15 15 15 15 15 15 15 15 15 15 15 15 15 15 15 15 15 15 15 15 15 15 15 20 15 20 15 20 20 20 15 20 20 20 15 15 15 20 15 15 15 24 24 20 20 20 20 20 15 15 20 15 15 15 20 15 20 15 15 20 20 15 20 15 15 15 15 20 15 15 15 15 15 15 15 15 15 15 15 15 15 15 15 15 15 15 15 15 15 15 15
15 15 15 15 15 15 15 15 15 15 15 15 15 15 15 15 15 15 15 15 15 15 15 15 15 15 15 15 20 20 15 20 15 20 15 20 20 15 20 20 20 15 20 20 20 20 15 20 15 20 15 15 20 20 15 20 20 20 15 20 20 15 15 20 20 15 15 15 15 15 15 20 15 15 15 20 15 15 15 15 15 15 15 15 15 15 15 15 15 15 15 15 15 15 15 15 15 15 15 15
15 15 15 15 15 15 15 15 15 15 15 15 15 15 15 15 15 15 15 15 15 15 15 15 20 15 15 20 15 20 15 20 20 20 20 15 20 20 15 15 20 10 15 20 15 15 15 20 20 15 24 24 20 20 15 15 10 20 20 15 20 20 15 20 20 20 15 20 15 15 20 20 15 15 20 20 15 20 15 15 15 15 15 15 15 15 15 15 15 15 15 15 15 15 15 15 15 15 15 15
15 15 15 15 15 15 15 15 15 15 15 15 15 15 15 15 15 15 15 15 15 15 20 20 15 20 15 15 20 20 15 20 20 15 20 15 15 15 15 20 15 10 20 20 20 15 10 20 10 10 24 24 20 20 10 20 66 20 20 20 15 20 20 15 15 20 15 15 15 15 20 20 20 15 15 15 20 15 20 20 15 15 15 15 15 15 15 15 15 15 15 15 15 15 15 15 15 15 15 15
15 15 15 15 15 15 15 15 15 15 15 15 15 15 15 15 15 15 15 15 15 15 15 15 15 15 20 20 15 20 20 15 15 15 20 20 20 15 20 20 20 20 15 15 20 15 20 20 20 66 24 24 20 20 20 20 10 15 20 10 20 20 15 20 20 10 20 20 15 20 20 20 20 15 15 20 15 15 15 20 15 15 15 15 15 15 15 15 15 15 15 15 15 15 15 15 15 15 15 15
15 15 15 15 15 15 15 15 15 15 15 15 15 15 15 15 15 15 15 15 20 15 15 15 20 20 20 20 20 15 20 15 15 20 20 20 66 15 20 20 10 20 20 20 20 66 10 20 10 20 24 24 20 20 20 20 66 20 20 15 20 20 10 20 20 20 20 20 20 15 20 20 20 15 15 20 15 20 20 15 15 15 15 15 15 15 15 15 15 15 15 15 15 15 15 15 15 15 15 15
15 15 15 15 15 15 15 15 15 15 15 15 15 15 15 15 15 15 15 15 15 15 15 15 15 20 15 20 15 20 15 20 10 20 20 20 20 20 66 20 10 10 20 20 66 20 20 10 10 20 24 24 20 20 20 20 20 10 20 20 20 10 20 20 20 10 20 10 20 20 15 20 20 15 20 15 15 20 20 15 15 20 20 20 15 20 15 15 15 15 15 15 15 15 15 15 15 15 15 15
15 15 15 15 15 15 15 15 15 15 15 15 15 15 15 15 15 15 15 15 15 15 20 15 15 15 20 15 20 10 10 20 20 15 20 20 20 20 20 20 10 66 10 20 20 20 10 10 10 20 24 24 10 10 66 20 20 20 20 20 20 10 20 20 10 10 10 10 20 20 15 15 20 20 20 15 15 15 15 15 20 15 20 15 15 15 15 15 15 15 15 15 15 15 15 15 15 15 15 15
15 15 15 15 15 15 15 15 15 15 15 15 15 15 15 15 15 20 20 15 15 20 20 20 20 15 20 20 10 20 20 20 10 20 20 20 10 20 20 20 20 66 10 10 10 10 20 10 66 10 24 24 10 10 20 20 10 20 10 20 20 20 10 10 20 20 20 20 20 20 10 20 20 20 15 15 20 15 15 15 20 20 20 15 15 15 15 15 15 15 15 15 15 15 15 15 15 15 15 15
15 15 15 15 15 15 15 15 15 15 15 15 15 15 15 15 15 15 15 15 20 15 20 15 20 20 20 10 20 10 15 10 20 10 20 10 10 20 20 10 10 20 10 10 10 10 20 10 66 20 24 24 10 10 10 20 10 20 20 20 20 20 10 10 20 20 10 20 20 20 20 20 20 20 20 20 20 15 15 15 15 15 20 20 20 15 15 15 20 15 15 15 15 15 15 15 15 15 15 15
15 15 15 15 15 15 15 15 15 15 15 15 15 15 15 20 15 15 20 20 15 20 15 15 10 20 20 20 20 20 20 10 20 20 20 66 10 66 20 10 20 20 20 66 10 20 10 20 20 10 24 24 10 20 10 10 10 10 20 10 10 10 10 66 10 20 10 66 20 10 20 20 20 20 10 15 20 20 20 15 15 20 20 15 20 15 15 15 15 15 15 15 15 15 15 15 15 15 15 15
15 15 15 15 15 15 15 15 15 15 15 15 15 15 15 20 20 15 15 20 20 20 20 20 20 20 20 20 20 20 20 20 20 10 20 20 10 20 20 20 10 10 20 10 66 10 10 10 10 10 24 24 10 10 20 10 10 20 10 10 10 10 10 10 20 20 10 10 20 20 10 20 10 20 66 10 10 15 10 20 20 20 20 15 15 15 15 15 15 15 15 15 15 15 15 15 15 15 15 15
15 15 15 15 15 15 15 15 15 15 15 15 15 20 15 20 15 20 15 15 15 15 20 20 15 20 20 66 20 10 20 20 20 10 20 10 10 10 20 66 10 10 66 10 10 10 10 10 10 10 24 24 10 10 10 10 10 10 10 20 20 10 10 66 10 66 20 20 20 20 10 66 10 10 20 66 20 15 20 20 20 20 20 20 20 15 15 15 15 15 15 15 15 15 15 15 15 15 15 15
15 15 15 15 15 15 15 15 15 15 15 15 15 20 15 20 20 20 20 20 20 20 20 20 10 10 10 20 10 20 10 10 10 10 20 10 10 66 10 20 10 20 10 10 10 10 10 10 10 10 24 24 10 10 66 10 10 10 66 10 10 10 10 20 20 10 20 20 10 10 20 20 10 20 20 20 10 20 15 15 10 20 20 20 15 15 20 20 15 15 15 15 15 15 15 15 15 15 15 15
15 15 15 15 15 15 15 15 15 15 15 15 15 15 20 20 15 20 20 10 20 20 20 10 20 20 10 20 10 10 10 66 10 10 10 10 10 10 10 10 10 66 10 10 10 66 10 10 10 66 24 24 10 10 66 10 10 66 10 10 10 10 66 20 10 10 10 20 10 66 20 20 10 20 20 23 23 23 15 23 23 15 15 23 24 15 20 15 20 15 15 15 15 15 15 15 15 15 15 15
15 15 15 15 15 15 15 15 15 15 15 15 15 15 15 15 15 20 20 20 15 10 10 20 20 20 10 66 10 20 20 10 10 10 10 10 10 10 10 10 10 10 66 66 10 10 66 10 10 10 24 24 10 10 66 66 10 10 10 66 66 10 10 66 66 10 10 20 10 10 10 20 10 20 20 23 23 24 23 24 15 24 23 24 15 20 20 15 15 15 15 15 15 15 15 15 15 15 15 15
15 15 15 15 15 15 15 15 15 15 15 15 15 20 20 20 20 20 20 20 20 15 20 20 10 10 10 10 10 66 10 10 20 66 66 10 66 66 10 10 10 10 10 66 10 10 10 10 10 10 24 24 10 10 10 66 66 10 10 66 66 10 10 10 10 10 10 10 10 10 66 10 10 10 20 23 24 23 24 23 24 23 24 23 23 20 15 20 20 15 15 15 15 15 15 15 15 15 15 15
15 15 15 15 15 15 15 15 15 15 15 20 20 15 20 20 20 15 20 20 10 10 20 10 10 20 10 10 10 66 10 10 10 10 10 66 10 66 10 10 10 10 10 66 66 10 10 66 10 10 24 24 10 66 66 66 66 10 10 10 10 10 10 10 10 10 66 10 10 10 10 20 10 10 10 24 23 24 23 24 23 24 23 15 23 15 20 15 15 15 15 15 15 15 15 15 15 15 15 15
15 15 15 15 15 15 15 15 15 15 15 20 20 20 20 20 15 20 10 20 10 66 20 20 10 66 10 20 20 10 10 10 66 10 10 66 10 66 10 10 10 10 10 10 66 10 10 10 66 66 24 24 10 10 10 10 10 66 10 10 66 10 10 10 10 66 10 10 10 10 10 10 20 20 10 23 24 23 24 23 24 23 24 23 24 15 20 15 20 15 15 15 15 15 15 15 15 15 15 15
15 15 15 15 15 15 15 15 15 15 15 20 15 20 15 20 20 20 20 10 20 20 20 10 10 20 10 10 10 10 10 10 10 10 10 10 10 10 10 10 10 66 10 66 66 10 10 66 10 10 24 24 10 10 66 10 10 10 10 10 10 10 66 10 10 10 10 10 10 66 66 10 20 66 66 23 23 24 23 24 23 24 23 24 23 20 20 20 20 15 15 15 15 15 15 15 15 15 15 15
15 15 15 15 15 15 15 15 15 15 15 20 20 20 20 20 20 20 10 10 20 10 66 20 66 20 66 10 66 10 10 66 10 10 10 66 10 66 10 10 10 10 10 10 10 10 66 10 10 66 24 24 10 10 66 10 10 10 10 10 10 10 10 10 10 10 10 10 10 66 10 10 10 10 10 23 24 23 24 23 24 23 24 23 24 20 20 20 20 15 15 15 15 15 15 15 15 15 15 15
15 15 15 15 15 15 15 15 15 15 15 15 15 20 20 20 20 20 66 20 66 20 20 10 20 20 10 10 10 10 10 10 10 10 10 10 10 10 66 10 10 66 66 10 10 10 10 10 10 66 24 24 66 10 66 10 10 66 10 10 66 10 10 10 10 66 10 10 10 10 10 10 10 20 10 24 23 24 23 24 23 24 23 24 23 20 20 20 15 15 15 15 15 15 15 15 15 15 15 15
15 15 15 15 15 15 15 15 15 15 15 20 20 15 10 20 20 20 20 20 10 20 10 20 10 10 10 66 10 10 10 10 10 10 10 10 66 10 66 10 66 10 66 10 10 10 66 10 10 24 24 24 10 10 66 10 66 10 66 10 66 10 10 10 10 10 10 10 10 10 10 66 10 66 10 23 24 23 24 23 24 23 24 23 23 20 15 20 20 15 15 15 15 15 15 15 15 15 15 15
15 15 15 15 15 15 15 15 15 15 15 20 20 20 20 20 20 20 10 10 10 10 21 21 21 21 21 21 21 10 10 10 10 66 10 10 10 10 66 10 10 10 66 10 10 10 10 10 66 24 24 24 66 66 10 10 10 10 10 66 10 10 66 10 10 10 10 10 66 10 66 10 66 10 10 23 23 24 23 23 23 24 23 23 23 15 20 20 20 15 15 15 15 15 15 15 15 15 15 15
15 15 15 15 15 15 15 15 15 15 15 20 15 15 20 20 66 20 20 20 20 10 21 22 22 22 22 22 21 10 10 10 10 10 10 10 10 66 10 10 66 10 66 10 66 10 10 10 10 24 24 24 10 66 10 10 10 10 10 10 10 10 10 66 10 10 10 10 66 10 10 10 66 10 10 10 10 20 10 10 20 20 66 20 20 10 20 20 20 15 15 15 15 15 15 15 15 15 15 15
15 15 15 15 15 15 15 15 15 15 15 15 15 20 15 20 20 20 10 10 10 10 21 22 22 22 22 22 21 10 10 66 10 66 10 10 10 10 66 10 10 66 10 10 10 10 10 66 10 24 24 24 10 10 10 10 10 10 10 10 10 66 10 10 10 10 66 66 10 10 66 10 10 66 10 10 10 66 10 10 10 20 10 10 10 20 20 20 20 15 15 15 15 15 15 15 15 15 15 15
15 15 15 15 15 15 15 15 15 15 15 20 20 20 66 10 10 20 66 20 10 10 21 22 22 22 22 22 21 10 10 66 10 10 66 66 10 10 10 10 10 10 66 10 10 10 66 66 10 24 24 24 66 10 66 10 10 10 10 10 10 10 10 66 10 10 10 10 10 10 10 10 10 10 10 10 66 10 10 10 10 10 66 20 20 20 20 20 20 15 15 15 15 15 15 15 15 15 15 15
15 15 15 15 15 15 15 15 15 15 15 20 20 20 20 20 10 20 10 10 66 10 21 22 22 22 22 22 21 10 10 10 10 10 10 10 10 10 10 10 10 10 10 10 10 10 10 10 66 24 24 24 10 10 10 66 10 10 10 10 21 21 21 21 21 21 21 66 66 10 10 10 66 10 66 10 66 10 10 66 10 10 66 20 10 10 10 10 20 15 15 15 15 15 15 15 15 15 15 15
15 15 15 15 15 15 15 15 15 15 15 20 20 20 10 20 20 20 10 20 20 10 21 21 21 22 21 21 21 10 10 10 10 10 10 10 10 10 10 10 66 66 10 10 10 10 10 10 10 24 24 24 10 66 66 10 66 10 10 10 21 22 22 22 22 22 21 66 10 10 66 66 10 10 10 10 10 10 10 20 10 20 20 10 20 10 10 10 20 15 15 15 15 15 15 15 15 15 15 15
15 15 15 15 15 15 15 15 15 15 15 15 10 20 20 10 66 20 10 20 66 10 10 10 10 24 10 10 66 10 66 66 10 10 10 66 10 10 10 10 10 66 10 10 10 10 10 10 10 24 24 24 10 10 10 66 66 10 10 10 21 22 22 22 22 22 21 10 10 10 66 10 10 66 10 66 66 66 10 20 66 20 10 10 10 20 10 20 20 15 15 15 15 15 15 15 15 15 15 15
15 15 15 15 15 15 15 15 15 15 15 20 20 20 20 20 10 66 10 10 10 66 10 10 10 24 10 10 66 10 10 10 10 10 10 10 10 10 10 10 10 10 10 10 10 10 10 10 66 24 24 24 10 10 10 10 10 10 10 10 21 22 22 22 22 22 21 10 66 66 10 10 66 10 10 10 10 10 10 10 10 20 20 20 20 20 66 20 10 15 15 15 15 15 15 15 15 15 15 15
15 15 15 15 15 15 15 15 15 15 15 20 20 20 66 10 10 10 20 10 10 10 10 10 10 24 10 10 66 10 10 10 10 10 66 10 66 66 66 10 10 10 10 10 66 66 10 10 10 24 24 24 10 10 10 10 10 10 10 10 21 21 21 22 21 21 21 10 10 10 10 10 10 66 10 10 10 10 10 10 10 66 10 66 10 20 20 20 10 15 15 15 15 15 15 15 15 15 15 15
15 15 15 15 15 15 15 15 15 15 15 20 20 20 66 10 20 20 20 66 10 10 10 10 10 24 66 10 66 10 10 10 10 10 10 10 10 10 10 10 10 66 10 10 10 10 10 10 10 24 24 24 10 10 10 10 10 10 10 10 21 22 22 22 22 22 21 10 10 66 10 10 10 10 10 10 66 66 10 66 10 10 10 66 20 20 10 20 10 15 15 15 15 15 15 15 15 15 15 15
15 15 15 15 15 15 15 15 15 15 15 20 20 10 20 10 20 10 66 66 10 20 10 10 10 24 10 10 66 10 66 10 10 10 10 10 66 10 66 10 66 10 10 10 66 10 10 10 10 24 24 24 10 10 10 10 66 66 10 10 21 22 22 22 22 22 21 10 10 10 10 10 10 10 66 10 66 10 10 10 10 10 10 20 10 20 20 66 20 15 15 15 15 15 15 15 15 15 15 15
15 15 15 15 15 15 15 15 15 15 15 10 10 20 10 10 10 20 10 66 10 10 10 10 66 24 10 10 10 10 10 10 10 10 10 10 10 10 66 10 10 10 10 10 10 10 10 10 10 24 24 24 66 10 10 10 10 10 10 10 21 22 22 22 22 22 21 10 10 10 10 10 10 66 10 10 10 10 10 10 66 10 10 10 10 20 20 20 20 15 15 15 15 15 15 15 15 15 15 15
15 15 15 15 15 15 15 15 15 15 15 15 20 20 20 20 66 10 20 66 10 10 66 10 66 24 10 10 10 10 10 10 10 10 10 10 66 10 10 10 10 10 66 10 10 10 10 66 66 24 24 24 10 10 10 66 10 10 10 10 21 21 21 22 21 21 21 66 10 66 10 10 10 10 10 10 10 10 10 66 20 10 20 66 10 10 10 20 20 15 15 15 15 15 15 15 15 15 15 15
15 15 15 15 15 15 15 15 15 15 15 20 20 10 20 10 10 20 20 10 66 10 10 10 66 24 10 10 10 66 10 10 10 10 10 10 10 66 10 10 66 10 10 10 10 10 10 66 10 24 24 24 10 10 10 10 66 66 10 66 10 10 10 24 10 10 10 10 10 10 10 10 66 10 10 66 10 10 10 10 66 10 10 20 20 10 10 20 20 15 15 15 15 15 15 15 15 15 15 15
15 15 15 15 15 15 15 15 15 15 15 22 20 10 20 20 10 66 20 66 66 10 66 10 10 24 66 10 10 10 10 10 10 66 10 10 10 10 10 10 10 10 10 10 66 66 20 10 10 24 24 24 10 10 10 10 10 10 10 10 10 66 10 24 66 10 10 10 10 10 10 66 10 10 10 10 10 10 10 10 10 10 20 20 10 20 10 10 10 15 15 15 15 15 15 15 15 15 15 15
15 15 15 15 15 15 15 15 15 15 21 22 22 66 20 10 20 10 10 10 10 66 66 66 10 24 66 10 66 24 24 24 24 24 24 24 24 24 24 24 24 24 24 24 24 24 24 24 24 24 24 24 24 24 24 24 24 24 24 24 24 24 24 24 24 24 24 24 24 24 24 24 24 24 24 24 24 24 24 24 66 10 66 10 10 20 10 20 20 15 15 15 15 15 15 15 15 15 15 15
15 15 15 15 15 15 15 11 12 15 21 22 22 22 22 22 24 24 24 24 24 24 24 24 24 24 24 24 24 24 24 24 24 24 24 24 24 24 24 24 24 24 24 24 24 24 24 24 24 24 24 24 24 24 24 24 24 24 24 24 24 24 24 24 24 24 24 24 24 24 24 24 24 24 24 24 24 24 24 24 24 24 24 24 24 20 20 20 10 15 15 15 15 15 15 15 15 15 15 15
15 15 15 15 15 15 15 13 14 15 21 22 22 22 22 22 24 24 24 24 24 24 24 24 24 24 24 24 24 24 24 24 24 24 24 24 24 24 24 24 24 24 24 24 24 24 24 24 24 24 24 24 24 24 24 24 24 24 24 24 24 24 24 24 24 24 24 24 24 24 24 24 24 24 24 24 24 24 24 24 24 24 24 24 24 66 10 20 66 15 15 15 15 15 15 15 15 15 15 15
15 15 15 15 15 15 15 15 15 15 21 22 22 20 10 20 10 10 10 10 10 10 10 10 66 66 10 10 10 10 10 10 10 66 66 66 10 10 10 66 10 10 10 10 10 10 66 10 10 24 24 24 10 10 10 10 10 10 66 10 10 66 10 10 66 10 10 10 10 10 10 66 66 10 10 66 66 10 66 10 10 10 66 10 66 66 20 20 20 15 15 15 15 15 15 15 15 15 15 15
15 15 15 15 15 15 15 15 15 15 15 20 20 10 20 10 20 66 20 10 10 10 10 10 10 66 10 66 10 10 10 10 10 10 10 10 10 10 10 10 10 10 10 10 10 10 10 10 66 24 24 24 10 10 66 66 10 10 10 10 10 10 66 10 66 66 66 10 10 10 10 10 66 10 10 66 10 66 66 10 20 10 20 10 10 10 10 20 10 15 15 15 15 15 15 15 15 15 15 15
15 15 15 15 15 15 15 15 15 15 15 20 20 10 20 10 10 10 66 66 10 10 66 10 10 10 10 10 66 10 10 10 66 10 10 10 66 10 10 10 10 10 10 66 10 10 10 10 66 24 24 24 10 10 66 10 10 10 66 10 10 66 10 10 10 10 10 10 10 10 10 10 10 10 10 66 10 10 10 10 66 10 20 10 10 10 20 20 20 15 15 15 15 15 15 15 15 15 15 15
15 15 15 15 15 15 15 15 15 15 15 15 20 66 20 20 66 20 20 10 10 10 66 66 10 10 10 10 10 10 10 66 10 10 10 10 66 10 10 10 10 10 10 10 10 10 10 10 10 24 24 24 10 66 10 66 10 10 10 10 10 10 10 66 10 10 10 10 10 10 10 10 66 10 66 10 10 10 10 10 10 10 10 10 10 66 10 20 20 15 15 15 15 15 15 15 15 15 15 15
15 15 15 15 15 15 15 15 15 15 15 20 66 20 10 20 20 66 20 20 10 10 10 10 10 66 10 66 10 10 10 10 66 10 10 10 10 10 10 10 10 66 66 10 66 10 66 10 66 24 24 24 10 10 10 10 10 10 10 10 66 10 10 10 10 10 10 66 66 10 10 10 10 10 66 10 10 66 10 66 10 10 20 10 20 66 10 20 10 15 15 15 15 15 15 15 15 15 15 15
15 15 15 15 15 15 15 15 15 15 15 20 20 10 20 10 20 10 20 10 10 66 66 10 10 10 10 10 10 10 10 10 10 10 10 66 10 66 10 66 10 10 10 10 10 66 10 66 10 24 24 24 66 10 10 66 10 66 10 66 10 10 66 10 10 10 10 10 10 10 10 10 10 10 10 66 66 10 10 66 10 10 10 10 20 20 66 20 20 15 15 15 15 15 15 15 15 15 15 15
15 15 15 15 15 15 15 15 15 15 15 15 10 20 20 10 20 10 10 66 10 10 10 10 10 10 10 10 10 66 10 10 10 10 10 10 66 10 10 66 66 66 10 66 10 10 10 10 10 24 24 24 66 10 10 66 10 10 10 10 10 10 10 10 10 10 10 10 10 10 10 66 10 10 10 66 10 10 10 20 10 20 10 20 20 10 20 20 20 15 15 15 15 15 15 15 15 15 15 15
15 15 15 15 15 15 15 15 15 15 15 20 10 20 20 20 20 66 20 10 66 66 66 66 66 10 66 10 66 10 10 10 10 66 10 10 66 10 10 10 10 66 10 10 66 10 10 66 66 24 24 24 10 66 66 10 10 66 10 10 10 66 10 10 66 10 10 66 10 10 10 10 10 10 10 10 66 10 10 66 66 10 10 10 20 10 10 20 15 15 15 15 15 15 15 15 15 15 15 15
15 15 15 15 15 15 15 15 15 15 15 20 20 10 10 10 20 20 20 20 10 10 66 10 10 10 10 66 10 10 66 10 66 10 10 66 10 10 10 10 10 66 10 10 10 10 10 10 10 24 24 24 66 10 10 66 66 66 10 10 10 10 10 66 10 10 10 10 10 10 10 10 10 10 66 10 10 10 10 10 10 20 20 20 10 20 20 20 10 15 15 15 15 15 15 15 15 15 15 15
15 15 15 15 15 15 15 15 15 15 15 20 10 10 10 20 20 10 20 10 20 66 10 10 10 10 10 10 10 10 66 10 66 10 10 10 10 10 10 10 10 10 10 10 10 10 10 10 66 24 24 24 66 10 10 10 10 10 10 66 10 10 10 66 66 66 10 10 66 66 66 10 10 10 66 10 10 10 10 66 20 10 10 20 20 20 10 20 15 15 15 15 15 15 15 15 15 15 15 15
15 15 15 15 15 15 15 15 15 15 15 20 20 10 10 20 10 10 20 20 66 10 10 66 10 10 10 10 10 10 10 10 10 10 10 10 66 10 66 10 10 10 66 10 10 66 10 10 10 24 24 24 66 10 10 10 10 10 10 10 10 10 10 66 10 10 66 10 10 10 10 10 10 10 10 10 10 10 10 10 10 10 66 66 66 10 20 20 20 15 15 15 15 15 15 15 15 15 15 15
15 15 15 15 15 15 15 15 15 15 15 15 20 20 20 20 20 20 20 10 20 10 10 20 10 10 66 66 10 66 10 10 66 66 66 10 10 66 10 10 10 10 10 10 10 10 10 10 10 66 24 24 10 10 10 66 10 10 66 10 10 10 10 10 10 10 10 10 66 10 10 10 10 10 10 10 66 66 10 10 10 20 10 20 20 20 20 66 20 15 15 15 15 15 15 15 15 15 15 15
15 15 15 15 15 15 15 15 15 15 15 66 20 20 66 20 10 20 66 10 10 10 20 20 10 10 10 10 66 10 10 66 10 10 66 10 10 10 10 10 10 10 10 10 66 10 66 10 10 10 24 24 10 66 10 10 10 10 10 10 10 10 10 10 66 66 10 10 10 10 10 10 10 10 10 10 10 10 10 10 10 66 20 20 20 20 20 20 20 15 15 15 15 15 15 15 15 15 15 15
15 15 15 15 15 15 15 15 15 15 15 20 15 20 20 15 10 20 20 66 10 20 20 20 66 10 10 10 10 10 66 66 10 10 66 10 10 10 66 10 10 10 66 10 10 10 10 10 10 10 24 24 10 10 10 66 10 10 10 10 10 10 10 66 10 10 10 10 10 66 10 10 10 10 66 10 10 10 10 10 66 20 10 10 20 20 20 20 15 15 15 15 15 15 15 15 15 15 15 15
15 15 15 15 15 15 15 15 15 15 15 15 20 20 20 20 10 20 20 20 20 10 10 10 66 10 10 66 66 10 10 10 10 10 10 66 10 10 10 10 10 10 10 10 10 10 10 10 10 10 24 24 66 66 10 66 10 10 66 66 10 10 10 66 66 10 10 10 10 10 66 10 66 66 10 66 10 10 10 10 10 20 10 10 20 20 20 10 20 15 15 15 15 15 15 15 15 15 15 15
15 15 15 15 15 15 15 15 15 15 15 15 20 15 10 20 20 10 20 20 66 20 66 66 20 10 10 66 10 10 10 10 66 10 66 10 10 10 10 10 10 10 10 10 10 10 66 10 10 66 24 24 10 10 10 10 10 10 10 10 10 10 10 10 10 10 10 10 10 10 10 10 10 10 10 10 10 10 10 20 10 20 20 20 10 20 20 15 20 15 15 15 15 15 15 15 15 15 15 15
15 15 15 15 15 15 15 15 15 15 15 15 15 20 20 10 15 66 10 10 20 20 20 10 10 10 10 10 10 10 66 10 10 10 66 10 10 10 10 10 10 66 10 10 10 10 66 10 10 10 24 24 10 10 10 10 66 10 66 10 66 66 10 10 10 10 10 66 10 10 66 10 10 20 66 20 10 66 10 10 20 10 10 10 15 20 20 20 15 15 15 15 15 15 15 15 15 15 15 15
15 15 15 15 15 15 15 15 15 15 15 20 20 15 66 20 20 20 10 20 20 20 10 66 20 10 10 20 66 10 66 10 10 10 66 10 66 66 10 10 10 10 10 66 10 10 10 66 10 10 24 24 10 10 10 10 10 10 66 10 10 66 10 10 10 10 10 10 10 10 66 66 20 10 20 10 66 66 20 10 10 66 10 20 15 15 20 15 20 15 15 15 15 15 15 15 15 15 15 15
15 15 15 15 15 15 15 15 15 15 15 20 20 15 20 20 20 10 15 20 20 10 20 66 20 66 66 20 10 20 10 10 66 10 10 10 10 66 66 10 10 10 66 10 10 10 66 66 10 10 24 24 10 66 66 10 10 10 66 10 66 10 10 66 10 10 10 10 10 66 10 66 66 20 10 10 20 10 20 20 20 20 20 20 20 20 20 20 20 15 15 15 15 15 15 15 15 15 15 15
15 15 15 15 15 15 15 15 15 15 15 20 20 20 20 20 10 15 20 10 10 10 20 10 10 20 10 20 10 10 20 66 10 10 10 66 10 10 10 10 10 10 10 10 10 10 10 10 10 10 24 24 10 10 66 66 10 10 66 10 66 10 10 10 10 10 10 10 10 10 10 10 66 10 10 10 10 10 10 20 20 15 20 20 20 20 20 15 20 15 15 15 15 15 15 15 15 15 15 15
15 15 15 15 15 15 15 15 15 15 15 15 20 20 15 20 10 20 15 15 20 10 20 20 10 66 10 10 66 10 66 10 66 10 66 10 10 10 10 10 10 10 66 66 10 10 10 66 10 10 24 24 10 10 10 10 10 10 66 66 66 10 10 10 10 10 10 10 66 20 10 10 10 10 66 20 10 10 20 20 20 15 20 20 20 20 15 20 15 15 15 15 15 15 15 15 15 15 15 15
15 15 15 15 15 15 15 15 15 15 15 20 20 20 15 15 20 20 20 15 10 15 20 10 20 20 66 20 66 10 10 10 66 10 66 10 10 10 66 66 10 10 10 10 10 66 10 10 66 10 24 24 66 66 10 66 10 10 10 10 10 10 10 10 10 10 10 66 10 10 10 10 10 20 20 20 20 20 20 20 20 10 20 20 20 20 15 15 20 15 15 15 15 15 15 15 15 15 15 15
15 15 15 15 15 15 15 15 15 15 15 15 15 20 20 15 20 20 20 20 20 10 20 20 10 20 10 10 20 10 20 10 10 66 10 10 10 10 10 10 10 10 10 10 10 10 10 10 10 10 24 24 10 10 10 10 10 10 10 10 66 10 10 66 20 10 20 20 20 20 10 66 20 20 20 20 10 20 20 20 20 15 10 20 20 20 20 20 20 15 15 15 15 15 15 15 15 15 15 15
15 15 15 15 15 15 15 15 15 15 15 15 15 15 20 20 15 15 15 66 20 20 20 20 66 10 20 20 66 10 10 66 10 10 20 10 66 10 10 20 10 66 10 10 66 10 10 10 10 10 24 24 10 10 10 10 10 10 10 10 10 10 10 66 10 66 66 10 10 10 20 66 10 20 10 10 10 20 15 15 20 20 20 20 20 20 15 15 15 15 15 15 15 15 15 15 15 15 15 15
15 15 15 15 15 15 15 15 15 15 15 15 15 20 15 15 15 15 20 15 20 15 20 20 20 20 20 20 20 20 20 20 66 20 10 20 10 10 20 66 66 66 10 10 20 10 10 10 10 66 24 24 10 10 66 10 10 10 10 10 10 10 10 10 10 20 10 10 20 20 66 20 20 66 20 20 20 20 20 20 15 20 20 20 15 15 15 15 15 15 15 15 15 15 15 15 15 15 15 15
15 15 15 15 15 15 15 15 15 15 15 15 15 15 15 15 20 15 15 15 15 10 15 20 20 20 20 20 10 10 66 10 10 10 66 10 66 10 10 10 10 10 66 10 10 10 20 20 10 10 24 24 10 10 10 10 10 10 20 66 20 10 10 66 10 20 20 20 20 10 10 10 20 20 20 20 10 20 66 20 20 20 20 20 15 15 15 15 15 15 15 15 15 15 15 15 15 15 15 15
15 15 15 15 15 15 15 15 15 15 15 15 15 15 15 20 15 15 20 15 20 20 20 20 15 10 20 66 66 66 10 20 10 20 20 20 20 66 10 20 10 10 10 10 10 10 10 20 10 10 24 24 20 10 10 10 10 10 20 20 66 10 66 10 10 20 10 10 20 20 10 20 20 20 10 10 20 15 20 15 15 15 20 20 20 20 15 15 15 15 15 15 15 15 15 15 15 15 15 15
15 15 15 15 15 15 15 15 15 15 15 15 15 15 15 15 15 15 20 20 20 20 20 15 20 20 20 20 66 20 20 10 66 10 20 20 20 10 66 10 10 10 10 20 10 20 10 10 10 20 24 24 10 66 10 10 20 10 10 10 20 10 10 10 20 20 10 10 20 10 20 10 10 20 20 66 20 20 20 15 20 20 15 15 20 20 15 15 15 15 15 15 15 15 15 15 15 15 15 15
15 15 15 15 15 15 15 15 15 15 15 15 15 15 15 20 20 15 15 15 20 20 15 20 20 10 15 15 20 15 10 10 10 20 10 10 20 20 20 20 66 20 20 66 10 20 10 10 20 10 24 24 20 10 20 20 10 20 20 20 20 20 10 66 10 20 20 20 10 20 20 20 20 20 10 20 15 15 20 15 20 20 15 15 20 15 15 15 15 15 15 15 15 15 15 15 15 15 15 15
15 15 15 15 15 15 15 15 15 15 15 15 15 15 15 15 20 20 15 15 15 20 20 15 20 15 20 20 20 20 20 20 20 15 20 10 20 10 20 20 20 10 20 66 10 20 20 10 10 20 24 24 66 10 10 10 10 10 20 10 10 20 20 20 10 20 66 66 20 20 10 20 20 20 15 20 15 15 15 20 20 15 20 15 15 15 15 15 15 15 15 15 15 15 15 15 15 15 15 15
15 15 15 15 15 15 15 15 15 15 15 15 15 15 20 15 15 15 15 15 15 15 15 20 15 20 20 20 20 20 20 20 20 10 20 20 20 66 20 20 10 20 20 10 20 20 10 10 10 20 24 24 20 10 10 10 20 20 20 20 20 20 20 10 10 10 20 20 20 10 20 15 20 20 20 20 20 15 15 15 20 15 15 15 15 15 15 15 15 15 15 15 15 15 15 15 15 15 15 15
15 15 15 15 15 15 15 15 15 15 15 15 15 15 15 15 15 15 15 15 15 15 20 20 15 20 20 20 20 15 20 20 15 10 20 20 20 20 20 20 20 20 20 20 10 20 20 10 10 10 24 24 20 10 20 20 10 20 20 10 20 20 10 15 20 20 15 10 20 15 15 15 15 15 20 15 20 15 20 15 15 15 15 15 15 15 15 15 15 15 15 15 15 15 15 15 15 15 15 15
15 15 15 15 15 15 15 15 15 15 15 15 15 15 15 15 15 15 15 15 15 20 15 20 20 20 20 20 15 20 20 20 20 20 20 20 20 20 20 20 20 20 20 20 10 20 20 66 10 10 24 24 20 20 20 20 20 20 66 20 20 20 20 15 20 10 15 20 20 20 20 20 20 15 15 15 15 15 15 20 15 15 15 15 15 15 15 15 15 15 15 15 15 15 15 15 15 15 15 15
15 15 15 15 15 15 15 15 15 15 15 15 15 15 15 15 15 15 15 15 15 20 15 15 20 15 15 20 15 20 20 15 20 15 15 20 15 20 15 20 20 20 20 15 20 15 10 10 10 20 15 20 15 66 10 20 66 20 20 20 20 10 20 20 20 20 15 20 15 20 15 15 20 20 15 15 20 20 20 15 15 15 15 15 15 15 15 15 15 15 15 15 15 15 15 15 15 15 15 15
15 15 15 15 15 15 15 15 15 15 15 15 15 15 15 15 15 15 15 15 20 15 15 15 15 15 15 15 15 15 15 20 20 15 20 15 20 20 15 20 15 20 15 20 20 20 20 20 20 20 24 24 10 20 15 20 20 20 20 15 20 20 20 20 20 15 15 20 20 20 20 15 15 15 15 20 20 20 15 15 15 15 15 15 15 15 15 15 15 15 15 15 15 15 15 15 15 15 15 15
15 15 15 15 15 15 15 15 15 15 15 15 15 15 15 15 15 15 15 15 15 15 20 20 15 20 15 20 20 15 20 15 15 15 20 20 15 20 20 20 20 20 20 20 20 15 15 15 20 20 24 24 15 20 20 20 15 20 20 20 20 15 20 15 20 20 20 15 20 15 20 20 20 15 20 15 15 15 15 15 15 15 15 15 15 15 15 15 15 15 15 15 15 15 15 15 15 15 15 15
15 15 15 15 15 15 15 15 15 15 15 15 15 15 15 15 15 15 15 15 15 15 15 15 15 15 15 15 15 15 15 20 15 15 15 20 15 20 15 20 15 15 20 20 15 20 20 20 20 20 15 20 20 20 20 20 15 20 20 20 20 20 20 15 15 15 20 15 20 20 20 20 15 15 15 15 15 15 15 15 15 15 15 15 15 15 15 15 15 15 15 15 15 15 15 15 15 15 15 15
15 15 15 15 15 15 15 15 15 15 15 15 15 15 15 15 15 15 15 15 15 15 15 15 15 15 15 15 20 15 20 15 15 15 20 15 20 20 15 20 20 20 15 20 20 15 20 20 20 15 24 24 20 20 20 20 15 20 20 15 20 15 20 15 15 15 15 15 20 15 15 20 15 15 15 15 15 15 15 15 15 15 15 15 15 15 15 15 15 15 15 15 15 15 15 15 15 15 15 15
15 15 15 15 15 15 15 15 15 15 15 15 15 15 15 15 15 15 15 15 15 15 15 15 15 15 15 15 20 20 15 20 15 15 15 20 20 15 20 15 15 20 15 15 20 20 20 20 15 20 20 20 15 15 15 20 15 20 15 15 15 15 20 20 15 15 15 20 20 15 15 15 15 15 15 15 15 15 15 15 15 15 15 15 15 15 15 15 15 15 15 15 15 15 15 15 15 15 15 15
15 15 15 15 15 15 15 15 15 15 15 15 15 15 15 15 15 15 15 15 15 15 15 15 15 15 15 15 15 15 15 20 15 15 15 15 15 15 15 15 15 20 15 20 15 20 20 15 15 15 15 15 20 15 15 20 15 15 15 15 15 15 15 15 15 15 20 20 15 15 15 15 15 15 15 15 15 15 15 15 15 15 15 15 15 15 15 15 15 15 15 15 15 15 15 15 15 15 15 15
15 15 15 15 15 15 15 15 15 15 15 15 15 15 15 15 15 15 15 15 15 15 15 15 15 15 15 15 15 15 15 15 15 15 20 15 15 15 15 20 15 15 20 15 20 15 20 15 15 15 20 20 20 15 15 15 15 20 15 15 15 20 20 15 15 15 15 15 15 15 15 15 15 15 15 15 15 15 15 15 15 15 15 15 15 15 15 15 15 15 15 15 15 15 15 15 15 15 15 15
15 15 15 15 15 15 15 15 15 15 15 15 15 15 15 15 15 15 15 15 15 15 15 15 15 15 15 15 15 15 15 15 15 15 15 15 15 15 15 15 15 15 15 15 15 15 15 15 15 15 15 15 15 15 15 15 15 15 15 15 15 15 15 15 15 15 15 15 15 15 15 15 15 15 15 15 15 15 15 15 15 15 15 15 15 15 15 15 15 15 15 15 15 15 15 15 15 15 15 15
15 15 15 15 15 15 15 15 15 15 15 15 15 15 15 15 15 15 15 15 15 15 15 15 15 15 15 15 15 15 15 15 15 15 15 15 15 15 15 15 15 15 15 15 15 15 15 15 15 15 15 15 15 15 15 15 15 15 15 15 15 15 15 15 15 15 15 15 15 15 15 15 15 15 15 15 15 15 15 15 15 15 15 15 15 15 15 15 15 15 15 15 15 15 15 15 15 15 15 15
15 15 15 15 15 15 15 15 15 15 15 15 15 15 15 15 15 15 15 15 15 15 15 15 15 15 15 15 15 15 15 15 15 15 15 15 15 15 15 15 15 15 15 15 15 15 15 15 15 15 15 15 15 15 15 15 15 15 15 15 15 15 15 15 15 15 15 15 15 15 15 15 15 15 15 15 15 15 15 15 15 15 15 15 15 15 15 15 15 15 15 15 15 15 15 15 15 15 15 15
15 15 15 15 15 15 15 15 15 15 15 15 15 15 15 15 15 15 15 15 15 15 15 15 15 15 15 15 15 15 15 15 15 15 15 15 15 15 15 15 15 15 15 15 15 15 15 15 15 15 15 15 15 15 15 15 15 15 15 15 15 15 15 15 15 15 15 15 15 15 15 15 15 15 15 15 15 15 15 15 15 15 15 15 15 15 15 15 15 15 15 15 15 15 15 15 15 15 15 15
15 15 15 15 15 15 15 15 15 15 15 15 15 15 15 15 15 15 15 15 15 15 15 15 15 15 15 15 15 15 15 15 15 15 15 15 15 15 15 15 15 15 15 15 15 15 15 15 15 15 15 15 15 15 15 15 15 15 15 15 15 15 15 15 15 15 15 15 15 15 15 15 15 15 15 15 15 15 15 15 15 15 15 15 15 15 15 15 15 15 15 15 15 15 15 15 15 15 15 15
15 15 15 15 15 15 15 15 15 15 15 15 15 15 15 15 15 15 15 15 15 15 15 15 15 15 15 15 15 15 15 15 15 15 15 15 15 15 15 15 15 15 15 15 15 15 15 15 15 15 15 15 15 15 15 15 15 15 15 15 15 15 15 15 15 15 15 15 15 15 15 15 15 15 15 15 15 15 15 15 15 15 15 15 15 15 15 15 15 15 15 15 15 15 15 15 15 15 15 15
15 15 15 15 15 15 15 15 15 15 15 15 15 15 15 15 15 15 15 15 15 15 15 15 15 15 15 15 15 15 15 15 15 15 15 15 15 15 15 15 15 15 15 15 15 15 15 15 15 15 15 15 15 15 15 15 15 15 15 15 15 15 15 15 15 15 15 15 15 15 15 15 15 15 15 15 15 15 15 15 15 15 15 15 15 15 15 15 15 15 15 15 15 15 15 15 15 15 15 15